Training on 3080 took 2707.186922311783 secondsnum of model params (model size): 21474560Final validation loss on model was: 4.0725131589512875
train_losses = [5.067590374186419, 4.180544133577945, 3.888499825242637, 3.701114761426253, 3.577555092982048, 3.491133743553346, 3.427012240368387, 3.375320435031025, 3.3315847092780513, 3.2953265215463685, 3.264725036206453, 3.237250856961605]
val_losses = [4.771678922733173, 4.516939980689204, 4.3332523966932, 4.217477879618825, 4.156130086741435, 4.114333971810836, 4.092806514906819, 4.074408046236115, 4.077628640090161, 4.070485349277638, 4.067822668711488, 4.0725131589512875]Training on 3080 took 5717.494946718216 secondsnum of model params (model size): 21474560Final validation loss on model was: 3.6491561319089225
train_losses = [4.25206795427194, 3.736576286161633, 3.6357109835391315, 3.5795187141646068, 3.540974289148333, 3.512203825238052]
val_losses = [3.908758682364755, 3.779677946878329, 3.7226646821349387, 3.6876485969066404, 3.666412977442098, 3.6491561319089225]Training on 3080 took 6553.43377661705 secondsnum of model params (model size): 21474560Final validation loss on model was: 3.484967854401354
train_losses = [3.998397063286779, 3.5542883786707358, 3.4673906856942254, 3.416229619591011]
val_losses = [3.683317012621327, 3.5700146839143567, 3.5221034432983913, 3.484967854401354]